Id,Index,SubIndex,Date,Time,Latitude,Longitude,A,Spin,Knots,Acceleration,Seconds
0,0,0,280520,210737,40.20211745,-89.7180843,4041,29.3,1.2,-0.051,0
1,0,1,280520,210738,40.20212183,-89.71808091,4060,30.6,1.1,-0.051,1
2,0,2,280520,210739,40.20212664,-89.71807727,4047,30,1.2,0.051,1
3,0,3,280520,210740,40.20213066,-89.71807428,4057,29.6,1,-0.103,1
4,0,4,280520,210741,40.20213509,-89.718071,4068,29.5,1.1,0.051,1
5,0,5,280520,210742,40.20213794,-89.71806898,4081,28.4,0.7,-0.206,1
6,0,6,280520,210743,40.20214162,-89.71806642,4053,28,0.9,0.103,1
7,0,7,280520,210744,40.20214444,-89.71806436,4090,29.2,0.7,-0.103,1
8,0,8,280520,210745,40.20214722,-89.71806218,4087,30.9,0.7,0,1
9,0,9,280520,210746,40.20215,-89.71806,4056,30.9,0.7,0,1
10,1,0,280520,210741,40.20213784,-89.71806812,4093,0,0,-0.36,-5
11,1,1,280520,210742,40.20213784,-89.71806812,4084,0,0,0,1
12,1,2,280520,210743,40.20213784,-89.71806812,4050,0,0,0,1
13,1,3,280520,210744,40.20213784,-89.71806812,4076,0,0,0,1
14,1,4,280520,210745,40.20213784,-89.71806812,4064,0,0,0,1
15,1,5,280520,210746,40.20214302,-89.71806411,4062,30.6,1.3,0.669,1
16,1,6,280520,210747,40.20214815,-89.71806,4085,31.5,1.3,0,1
17,1,7,280520,210748,40.20214907,-89.71806,4055,0,0.2,-0.566,1
18,1,8,280520,210749,40.20214954,-89.71806,4096,0,0.1,-0.051,1
19,1,9,280520,210750,40.20215,-89.71806,4078,0,0.1,0,1
20,2,0,290520,121907,40.20154716,-89.7182559,4107,222.9,4.6,0,54677
21,2,1,290520,121908,40.20153203,-89.7182755,4108,224.7,4.6,0,1
22,2,2,290520,121909,40.20151717,-89.71829544,4061,225.7,4.6,0,1
23,2,3,290520,121910,40.20150281,-89.71831518,4091,226.4,4.5,-0.051,1
24,2,4,290520,121911,40.20148896,-89.71833553,4134,228.3,4.5,0,1
25,2,5,290520,121912,40.20147483,-89.71835637,4084,228.4,4.6,0.051,1
26,2,6,290520,121913,40.20146085,-89.71837656,4109,227.8,4.5,-0.051,1
27,2,7,290520,121914,40.20144683,-89.71839753,4133,228.8,4.6,0.051,1
28,2,8,290520,121915,40.20143339,-89.71841835,4079,229.8,4.5,-0.051,1
29,2,9,290520,121916,40.20142,-89.71844,4129,231,4.6,0.051,1
30,3,0,290520,121940,40.20139114,-89.7189,4047,0,1.2,-1.749,24
31,3,1,290520,121941,40.20140224,-89.7189,4114,0,2.4,0.617,1
32,3,2,290520,121942,40.20140826,-89.7189,4082,0,1.3,-0.566,1
33,3,3,290520,121943,40.20141011,-89.7189,4063,0,0.4,-0.463,1
34,3,4,290520,121944,40.20141242,-89.7189,4066,0,0.5,0.051,1
35,3,5,290520,121945,40.20141381,-89.7189,4063,0,0.3,-0.103,1
36,3,6,290520,121946,40.20141705,-89.7189,4088,0,0.7,0.206,1
37,3,7,290520,121947,40.20142028,-89.7189,4055,0,0.7,0,1
38,3,8,290520,121948,40.20142584,-89.7189,4055,0,1.2,0.257,1
39,3,9,290520,121949,40.20143,-89.7189,4108,0,0.9,-0.154,1
40,4,0,290520,121942,40.20147799,-89.71875411,4110,231.3,4.5,1.852,-7
41,4,1,290520,121943,40.20146483,-89.71877601,4097,231.8,4.6,0.051,1
42,4,2,290520,121944,40.20145227,-89.71879775,4111,232.9,4.5,-0.051,1
43,4,3,290520,121945,40.2014403,-89.71882005,4118,234.9,4.5,0,1
44,4,4,290520,121946,40.20142961,-89.71884344,4029,239.1,4.5,0,1
45,4,5,290520,121947,40.20142403,-89.71886844,4156,253.7,4.3,-0.103,1
46,4,6,290520,121948,40.20141858,-89.71889223,4111,253.3,4.1,-0.103,1
47,4,7,290520,121949,40.20142028,-89.71892,4137,274.6,4.6,0.257,1
48,4,8,290520,121950,40.20142537,-89.71892,4077,0,1.1,-1.801,1
49,4,9,290520,121951,40.20143,-89.71892,4059,0,1,-0.051,1
50,5,0,290520,121959,40.20135957,-89.7191,4081,0,1.2,0.103,8
51,5,1,290520,122000,40.20136697,-89.7191,4133,0,1.6,0.206,1
52,5,2,290520,122001,40.20137253,-89.7191,4082,0,1.2,-0.206,1
53,5,3,290520,122002,40.20137715,-89.7191,4063,0,1,-0.103,1
54,5,4,290520,122003,40.2013827,-89.7191,4092,0,1.2,0.103,1
55,5,5,290520,122004,40.2013864,-89.7191,4079,0,0.8,-0.206,1
56,5,6,290520,122005,40.20139011,-89.7191,4058,0,0.8,0,1
57,5,7,290520,122006,40.20139658,-89.7191,4061,0,1.4,0.309,1
58,5,8,290520,122007,40.20140306,-89.7191,4065,0,1.4,0,1
59,5,9,290520,122008,40.20141,-89.7191,4104,0,1.5,0.051,1
60,6,0,290520,122005,40.20136455,-89.71903,4088,0,1.1,-0.206,-3
61,6,1,290520,122006,40.20136872,-89.71903,4106,0,0.9,-0.103,1
62,6,2,290520,122007,40.20136964,-89.71903,4126,0,0.2,-0.36,1
63,6,3,290520,122008,40.20137057,-89.71903,4099,0,0.2,0,1
64,6,4,290520,122009,40.20137427,-89.71903,4079,0,0.8,0.309,1
65,6,5,290520,122010,40.20137705,-89.71903,4074,0,0.6,-0.103,1
66,6,6,290520,122011,40.20138167,-89.71903,4063,0,1,0.206,1
67,6,7,290520,122012,40.20138676,-89.71903,4103,0,1.1,0.051,1
68,6,8,290520,122013,40.20138907,-89.71903,4077,0,0.5,-0.309,1
69,6,9,290520,122014,40.20139,-89.71903,4096,0,0.2,-0.154,1
70,7,0,290520,122022,40.20132334,-89.71887,4088,0,0.2,0.051,8
71,7,1,290520,122023,40.20132381,-89.71887,4059,0,0.1,-0.051,1
72,7,2,290520,122024,40.20132612,-89.71887,4090,0,0.5,0.206,1
73,7,3,290520,122025,40.20132797,-89.71887,4098,0,0.4,-0.051,1
74,7,4,290520,122026,40.20132843,-89.71887,4075,0,0.1,-0.154,1
75,7,5,290520,122027,40.20133028,-89.71887,4099,0,0.4,0.154,1
76,7,6,290520,122028,40.2013326,-89.71887,4070,0,0.5,0.051,1
77,7,7,290520,122029,40.20133584,-89.71887,4066,0,0.7,0.103,1
78,7,8,290520,122030,40.20133861,-89.71887,4087,0,0.6,-0.051,1
79,7,9,290520,122031,40.20134,-89.71887,4102,0,0.3,-0.154,1
80,8,0,290520,122025,40.20130705,-89.71872,4076,0,0,-0.154,-6
81,8,1,290520,122026,40.20130751,-89.71872,4114,0,0.1,0.051,1
82,8,2,290520,122027,40.20130936,-89.71872,4071,0,0.4,0.154,1
83,8,3,290520,122028,40.20131075,-89.71872,4066,0,0.3,-0.051,1
84,8,4,290520,122029,40.20131167,-89.71872,4091,0,0.2,-0.051,1
85,8,5,290520,122030,40.20131213,-89.71872,4077,0,0.1,-0.051,1
86,8,6,290520,122031,40.2013126,-89.71872,4081,0,0.1,0,1
87,8,7,290520,122032,40.20131399,-89.71872,4077,0,0.3,0.103,1
88,8,8,290520,122033,40.2013163,-89.71872,4081,0,0.5,0.103,1
89,8,9,290520,122034,40.20132,-89.71872,4073,0,0.8,0.154,1
90,9,0,290520,122049,40.20124242,-89.71833,4059,0,0.5,-0.566,15
91,9,1,290520,122050,40.20124427,-89.71833,4080,0,0.4,-0.051,1
92,9,2,290520,122051,40.20124566,-89.71833,4109,0,0.3,-0.051,1
93,9,3,290520,122052,40.20124797,-89.71833,4066,0,0.5,0.103,1
94,9,4,290520,122053,40.20125075,-89.71833,4112,0,0.6,0.051,1
95,9,5,290520,122054,40.20125352,-89.71833,4082,0,0.6,0,1
96,9,6,290520,122055,40.2012563,-89.71833,4067,0,0.6,0,1
97,9,7,290520,122056,40.20125769,-89.71833,4088,0,0.3,-0.154,1
98,9,8,290520,122057,40.20125815,-89.71833,4100,0,0.1,-0.103,1
99,9,9,290520,122058,40.20126,-89.71833,4058,0,0.4,0.154,1
100,10,0,290520,122054,40.20123145,-89.71826088,4073,0,1.7,0.669,-4
101,10,1,290520,122055,40.20124021,-89.71826,4117,4.4,1.9,0.103,1
102,10,2,290520,122056,40.20124808,-89.71826,4099,0,1.7,-0.103,1
103,10,3,290520,122057,40.20125548,-89.71826,4120,0,1.6,-0.051,1
104,10,4,290520,122058,40.20126334,-89.71826,4085,0,1.7,0.051,1
105,10,5,290520,122059,40.20127075,-89.71826,4087,0,1.6,-0.051,1
106,10,6,290520,122100,40.20127306,-89.71826,4116,0,0.5,-0.566,1
107,10,7,290520,122101,40.20127491,-89.71826,4110,0,0.4,-0.051,1
108,10,8,290520,122102,40.2012763,-89.71826,4072,0,0.3,-0.051,1
109,10,9,290520,122103,40.20128,-89.71826,4107,0,0.8,0.257,1
110,11,0,290520,122113,40.20130733,-89.71823,4100,0,0.6,0.206,10
111,11,1,290520,122114,40.20131103,-89.71823,4054,0,0.8,0.103,1
112,11,2,290520,122115,40.20131242,-89.71823,4100,0,0.3,-0.257,1
113,11,3,290520,122116,40.20131288,-89.71823,4112,0,0.1,-0.103,1
114,11,4,290520,122117,40.2013152,-89.71823,4087,0,0.5,0.206,1
115,11,5,290520,122118,40.20131658,-89.71823,4090,0,0.3,-0.103,1
116,11,6,290520,122119,40.20131797,-89.71823,4102,0,0.3,0,1
117,11,7,290520,122120,40.2013226,-89.71823,4066,0,1,0.36,1
118,11,8,290520,122121,40.20132584,-89.71823,4067,0,0.7,-0.154,1
119,11,9,290520,122122,40.20133,-89.71823,4058,0,0.9,0.103,1
